00.00
4095.00
1023.00
0.00
4095.00
0.00
1725.00
4095.00
0.00
2627.00
4095.00
0.00
3349.00
4095.00
0.00
4095.00
812.00
126.00
4095.00
0.00
2947.00
4095.00
0.00
3614.00
3571.00
22.00
4095.00
2434.00
0.00
4095.00
1567.00
0.00
4095.00
776.00
224.00
4095.00
157.00
1086.00
4095.00
0.00
1943.00
4095.00
0.00
1533.00
4095.00
0.00
2302.00
4095.00
0.00
3227.00
4095.00
0.00
3125.00
4095.00
0.00
3773.00
3725.00
0.00
4095.00
2381.00
0.00
4095.00
1405.00
0.00
4095.00
112.00
1167.00
4095.00
0.00
2080.00
4095.00
0.00
3035.00
4095.00
0.00
4095.00
2169.00
0.00
4095.00
2355.00
0.00
4095.00
1439.00
0.00
4095.00
639.00
176.00
4095.00
91.00
1263.00
4095.00
0.00
2506.00
4095.00
0.00
3136.00
4095.00
0.00
3775.00
4023.00
0.00
3793.00
4095.00
0.00
4095.00
2604.00
0.00
4095.00
1288.00
0.00
4095.00
2461.00
0.00
4095.00
980.00
0.00
4095.00
0.00
1965.00
4095.00
0.00
3095.00
4095.00
0.00
2948.00
4095.00
0.00
3655.00
4095.00
0.00
4095.00
3011.00
0.00
4095.00
1705.00
0.00
4095.00
630.00
43.00
4095.00
69.00
2297.00
4095.00
0.00
2736.00
4095.00
0.00
3503.00
4095.00
0.00
3952.00
2718.00
0.00
4095.00
1621.00
0.00
4095.00
1829.00
0.00
4095.00
862.00
0.00
4095.00
204.00
693.00
4095.00
0.00
1664.00
4095.00
0.00
2672.00
4095.00
0.00
2559.00
4095.00
0.00
4095.00
3041.00
0.00
4095.00
1853.00
0.00
4095.00
119.00
1969.00
4095.00
0.00
2929.00
3873.00
0.00
4095.00
4095.00
0.00
4095.00
2780.00
0.00
4095.00
1520.00
0.00
4095.00
1258.00
0.00
4095.00
0.00
1719.00
4095.00
0.00
2477.00
4095.00
0.00
3312.00
4095.00
0.00
4095.00
3038.00
0.00
4095.00
64.00
976.00
4095.00
0.00
1872.00
4095.00
0.00
1733.00
4095.00
0.00
2793.00
4095.00
0.00
3583.00
4095.00
0.00
4095.00
2791.00
0.00
4095.00
545.00
125.00
4095.00
0.00
3226.00
4095.00
0.00
3984.00
3559.00
0.00
4095.00
2092.00
0.00
4095.00
1104.00
0.00
4095.00
345.00
469.00
4095.00
0.00
1502.00
4095.00
0.00
2298.00
4095.00
0.00
3214.00
4095.00
0.00
4095.00
3222.00
0.00
4095.00
2119.00
0.00
4095.00
1083.00
0.00
4095.00
1036.00
0.00
4095.00
289.00
481.00
4095.00
445.00
284.00
4095.00
0.00
1211.00
4095.00
0.00
2339.00
4095.00
0.00
4095.00
1658.00
51.00
4095.00
113.00
832.00
4095.00
0.00
1968.00
4095.00
0.00
2928.00
4095.00
0.00
3633.00
4046.00
0.00
4095.00
2486.00
0.00
4095.00
629.00
0.00
4095.00
769.00
65.00
4095.00
123.00
1085.00
4095.00
0.00
2160.00
4095.00
0.00
2928.00
4095.00
0.00
3829.00
4095.00
0.00
3730.00
3743.00
0.00
4095.00
2416.00
0.00
4095.00
1395.00
0.00
4095.00
573.00
333.00
4095.00
629.00
181.00
4095.00
90.00
1191.00
4095.00
0.00
2256.00
4095.00
0.00
3113.00
4095.00
0.00
3782.00
3648.00
0.00
3825.00
3665.00
0.00
4095.00
2093.00
0.00
4095.00
2426.00
0.00
4095.00
1494.00
0.00
4095.00
624.00
1457.00
4095.00
0.00
2384.00
4095.00
0.00
2258.00
4095.00
0.00
3226.00
4095.00
0.00
4075.00
3053.00
0.00
4095.00
2017.00
0.00
4095.00
1113.00
0.00
4095.00
1175.00
593.00
